Stockfish 12, 2 Threads, Hash=16Mb, Lines: 1, Processor: Intel i7-3820QM 2.7GHzg
Nodes  nps     time (ns)
228565 3007434 82709200
186850 3063114 61961400
154391 2708614 57964100
62939 2860863 22985500
248175 2885755 85949000
102857 2857138 37975000
67011 2310724 28982500
102453 2276733 46970100
94600 2425641 38976000
181407 2834484 65959600
123922 2383115 51968400
51818 3048117 18988700
36850 2834615 14345600
58466 2923300 20206200
92519 2891218 33980700
84014 3000500 28980700
220982 2986243 74953100
183455 3007459 60962500
76955 2850185 27982600
69901 3039173 24636000
138911 2834918 50081900
179785 2899758 62966800
112631 2887974 38974200
50014 2942000 17989900
133824 2973866 45970600
195156 3002400 65960200
77964 3118560 25984900
21779 2722375 7994600
48647 3040437 16989600
139389 3241604 43971100
43535 3348846 3487500
73398 3495142 18713000
68060 3403000 34961900
69409 3305190 20985400
172888 2619515 56922100
36364 3305818 15624200
242853 3372958 78122000
134742 2994266 46872700
57934 2633363 15625700
57024 3168000 20622700
78667 3575772 31249200
124881 3568028 38342000
44753 3196642 13990700
29642 2964200 9993800
63677 3032238 21599200
100891 3603250 28982100
128789 3679685 32011800
112022 4000785 31251700
135517 3764361 31249800
74600 3730000 27937000
142221 3555525 40672400
86292 3595500 23986500
66772 3709555 19986500
111082 3830413 29982700
78326 3405478 22985700
46409 3569923 14989800
80966 3855523 21668100
34466 3446600 0
76177 3174041 34507300
101483 3499413 15816300
97313 3475464 31251100
118219 3477029 31249200
184264 3613019 62497700
72480 3624000 23022600
83265 3620217 24982400
144830 3532439 41553700
131067 3640750 31248900
31600 3511111 15629700
45001 3461615 0
37449 3404454 15619300
44258 3161285 24947000
69542 3863444 19989600
67419 3548368 12075400
32208 3578666 15625700
26176 3272000 0
10322 3440666 15624900
25504 3643428 0
90414 4109727 15624700
66754 4172125 31250000
68418 4024588 15622300
77423 4301277 21464300
19920 3984000 6995700
35083 3898111 8994100
31143 3892875 1135600
81190 4273157 27730000
28918 4131142 7996400
85202 4484315 14325100
40762 3705636 17664500
44898 4081636 11990600
16328 3265600 4997900
28777 4111000 8994300
17704 3540800 4996900
138769 4476419 32466400
61915 4127666 15624900
145030 4265588 34661200
46085 3840416 12991900
86579 4122809 20987100
219024 4380480 47932100
333620 4118765 78122900
164190 4320789 46992200
42599 3872636 11058200
129416 4622000 15626800
70007 4118058 31247000
17504 3500800 0
4942 2471000 0
35556 4444500 15625900
2838 1419000 0
10899 3633000 0
120178 5007416 31249400
55993 4666083 15623800
140348 5198074 31251000
43410 4341000 0
33036 4129500 15622800
75322 5021466 22012900
80503 5031437 15995700
27513 4585500 5046500
30744 4392000 0
9406 3135333 15626300
19019 4754750 0
25264 4210666 0
39217 4357444 15624300
9251 3083666 0
28623 4089000 15624600
15521 3880250 0
50837 4621545 15625100
33682 4811714 0
29500 4214285 21039900
63938 5328166 13835700
6222 3111000 4996500
8557 4278500 4996900
112491 7030687 10033700
144917 7245850 15625700
19743 4935750 15624700
211217 7543464 15624100
54890 4222307 15626300
40004 6667333 15624100
38963 6493833 0
11736 3912000 15625100
15084 5028000 0
12694 4231333 0
9521 4760500 0
15571 3892750 15623600
10212 3404000 0
6718 3359000 0
8607 4303500 15624500
5061 2530500 0
8500 2833333 0
7571 3785500 15624400
5584 2792000 0
10825 3608333 0
11978 3992666 15624500
11742 3914000 0
6413 3206500 0
3452 1726000 0
4765 1588333 18922400
3265 1632500 4996900
7830 2610000 4996900
5119 2559500 5241800
6386 3193000 3999600
4253 2126500 5754600
6202 3101000 3916100
6168 3084000 4884300
5734 2867000 4657800
2763 1381500 3059600
9589 4794500 0
1991 995500 0
3414 1707000 15626000
3837 1918500 0
4740 2370000 0
1737 1737000 0
2833 1416500 15623200
44599 5574875 0
Averages:
66963.3546511628 3582350.9244186045 20337372.093023255
116537 2913425 46971400
148778 3099541 48971600
356558 2829825 126920600
200972 2999582 68956500
392199 2883816 135916900
116768 2715534 43972600
171703 2725444 64274100
123468 2684086 46971300
34100 2435714 14992100
132345 2877065 46971000
52231 1801068 30979300
36040 1386153 26984400
53128 2656400 20985500
84703 2920793 29981900
117557 2938925 40974600
70590 2941250 24984500
156890 3017115 53634200
98157 3166354 31205100
151882 3037640 50969000
234263 3003371 79776300
159291 3005490 54196300
93048 3101600 30909400
149766 2936588 52214600
81242 2901500 27225300
84264 2905655 29981400
92608 3086933 30981100
42001 3000071 14990900
97134 2943454 32979100
47812 2988250 15990200
79259 3446043 24049200
46040 3069333 15989400
110797 3574096 31982200
116828 3337942 33717300
143764 3594100 31250600
146432 3571512 46872700
91460 3976521 15626200
64660 3592222 31247200
40368 3364000 0
119205 3725156 31251300
70864 3729684 31248600
80389 3828047 15624000
124529 3773606 31249200
28102 2810200 17073000
80698 3508608 15626500
86761 3470440 38589100
147837 3790692 27363700
113973 3453727 46887100
52808 3520533 14994300
71681 3772684 5891900
150752 3589333 58460100
69088 3454400 8098900
29114 3234888 15625900
42587 3548916 15623900
132843 3907147 31248700
77520 3691428 15624600
20737 3456166 15624600
144474 3904702 31249100
28634 3579250 15623900
145245 3542560 31249100
296191 3749253 93748400
53092 3318250 18022000
75009 3261260 22985400
159373 3622113 43688300
12486 3121500 0
151787 3702121 46872500
71911 3595550 15626300
216462 3668847 55015700
58488 3440470 29208600
69063 3453150 19360300
53472 3342000 15624000
108651 3746586 31250900
35588 3954222 0
147259 3681475 46871500
40240 3658181 15624700
27834 3479250 0
27880 3485000 15624300
52864 4066461 15630400
61341 4089400 15619200
96103 4004291 15624100
46642 4240181 15624600
82399 4336789 15624700
55796 4292000 15624400
86899 4344950 15624500
119820 4437777 33775500
21104 3517333 0
17294 3458800 15624200
146621 4581906 38031300
34715 3857222 9994000
92365 4398333 17684500
31904 3988000 0
11662 2915500 15622600
71019 4177588 15624900
62360 4157333 15624500
109635 4216730 31249100
48789 4065750 0
30539 3393222 22965400
14893 2978600 5996700
188193 4277113 43646700
71149 4185235 15625000
407431 4477263 93746600
33272 3696888 0
153988 4399657 46872900
103883 4328458 15624300
80904 4258105 15623500
13037 2172833 15623600
69867 4990500 15625400
36766 4595750 0
19157 3831400 15624100
69457 4630466 15625000
44850 4485000 0
89428 4706736 33722600
36941 4104555 9993500
39976 4441777 10908200
76970 5131333 15994000
79064 4941500 13063000
15251 3812750 0
17392 3478400 0
29350 4891666 15624500
28728 4104000 0
22228 4445600 15626900
40784 4531555 0
12281 4093666 15624400
28645 4092142 0
30784 3848000 15624500
49813 4528454 0
16939 4234750 15624700
14433 3608250 0
37939 4742375 15624200
24441 4073500 0
6677 2225666 0
140921 7416894 31249200
26561 5312200 0
51589 6448625 16906700
59810 6645555 9995400
21404 4280800 4996800
52020 6502500 7995000
11424 5712000 4996900
32312 6462400 6995700
5483 2741500 4996900
15821 5273666 1030800
7485 3742500 0
21117 5279250 0
7594 2531333 15626300
5447 2723500 0
6294 2098000 0
8901 2967000 15624300
7774 3887000 0
4120 2060000 0
8926 2975333 15624400
9678 3226000 0
7259 3629500 0
12298 4099333 0
5257 2628500 15624800
10010 3336666 0
5004 2502000 0
24642 4107000 15624300
5507 2753500 0
9338 3112666 0
8301 2767000 15624700
25052 5010400 0
6940 3470000 0
10797 3599000 15623500
5892 2946000 0
3310 1655000 0
2223 1111500 15626100
4779 2389500 0
3272 1636000 0
6962 2320666 15623600
5740 2870000 0
2148 2148000 0
2920 1460000 15623800
34953 5825500 0
Averages:
69478.70348837209 3631087.802325581 20856905.81395349
188889 2485381 83946300
85225 3277884 28405800
249681 2937423 85178600
99042 2676810 37976700
295383 2867796 103934600
286319 2834841 102937300
25613 2328454 10993500
62732 2613833 25574100
142404 2686867 52971400
156965 2753771 58963000
189172 2866242 66958700
97854 2795828 34979700
85826 2959517 30981400
34045 3095000 11992200
158380 2879636 55965100
112585 2886794 39820000
73592 3066333 24988600
171338 3005929 57964100
65249 2965863 22985400
195960 2881764 68959200
171418 2955482 58963100
83403 3089000 27982500
153026 2833814 53966800
94079 2850878 32980100
149063 2981260 50968700
131009 3195341 41670100
116927 3247972 38278400
151916 3164916 47972400
82797 3311880 23719000
58593 3446647 15624400
42811 3567583 15624500
97294 3474785 15624600
107930 3481612 31248900
93768 3750720 31248800
97040 3732307 31249200
70346 3517300 15624200
124482 3890062 31249100
77282 3680095 32126600
23172 3862000 0
54878 3919857 15624600
102746 4109840 31249700
112675 3885344 31249000
28515 3564375 0
103731 2593275 50959700
101487 3624535 20699900
107022 3567400 39324800
150871 3771775 41065500
45341 3487769 13893200
38865 3533181 11998300
130625 3841911 26651500
146877 3766076 46874100
26156 3736571 0
28916 3614500 15623800
64337 3784529 15625200
65336 3629777 15624200
63611 3347947 15624200
81318 3696272 31249400
98916 2603052 31248700
133033 3500868 46873700
169272 3601531 46872000
36678 3056500 15623900
132826 3495421 38648900
84749 3531208 24982000
93018 3445111 20547800
102994 3814592 31248800
62780 3692941 15624600
146580 3664500 46873800
88362 3272666 28885800
71765 3262045 22986300
53497 3566466 6064500
66283 3488578 15625400
191053 3674096 62498200
107468 3980296 31249800
51257 3942846 15622200
7382 2460666 0
41398 3763454 15626400
14361 3590250 0
50627 3894384 15624400
109032 4038222 31247300
53323 3808785 15626300
61055 4361071 15624300
32193 4024125 0
107740 4489166 31249300
52803 4061769 15624200
28060 4008571 0
53545 4118846 15623000
17804 3560800 0
41710 3791818 27004400
23280 3880000 5996200
11602 2900500 6995700
8492 2830666 4996900
4318 2159000 4996900
105516 4220640 19048000
69204 4070823 15626200
76605 4031842 15624900
55646 4280461 15624100
56936 3795733 15622800
120974 4171517 31249500
203194 3833849 64642900
199560 4338260 39330200
12854 2570800 0
28724 4103428 15623900
16927 3385400 0
3504 1752000 15623900
3093 1546500 0
45360 4536000 15624700
69194 4942428 15624700
12575 3143750 0
30162 4308857 0
42865 4762777 15623000
61329 4717615 15626100
29273 4878833 0
20927 4185400 15622500
104088 5204400 15624600
106351 4623956 31249800
55974 5088545 0
35863 4482875 15624000
14700 4900000 0
13735 3433750 15624400
10174 3391333 0
48878 4887800 15624400
43668 4366800 0
32140 4017500 15624100
22617 3769500 0
59896 4991333 15626500
13397 3349250 0
6541 2180333 17060200
38748 4843500 0
28912 4818666 15627000
6215 2071666 0
223691 7215838 40113400
105901 7060066 10367700
5070 2535000 0
84666 6512769 23664900
5879 2939500 4997600
14873 4957666 4996800
13238 4412666 4996900
7547 3773500 4995100
4001 2000500 3999400
11048 3682666 2369700
7787 2595666 0
24855 6213750 0
9623 3207666 15625500
8674 4337000 0
6702 3351000 0
5625 2812500 15625200
21128 5282000 0
6070 2023333 0
9085 3028333 0
4293 2146500 15624400
8690 2896666 0
37398 6233000 15624700
12334 4111333 0
4847 2423500 0
6776 2258666 0
1931 965500 15622700
5684 2842000 0
3345 1672500 0
4390 2195000 17015000
6911 3455500 4996500
6184 3092000 4997000
6172 2057333 4280900
7221 3610500 4997100
1579 1579000 2277300
2871 2871000 0
5072 2536000 0
2990 1495000 15625300
23655 5913750 0
7960 2653333 0
1970 985000 15624800
2753 1376500 0
21841 4368200 0
Averages:
65312.91860465116 3519690.023255814 20150617.441860463
111449 3012135 53286200
184853 2981500 62961800
160901 2873232 56965100
136553 2905382 47969300
228515 2596761 89945600
303439 2685300 112930700
40862 2724133 16988200
181844 2797600 65959000
110179 2899447 38976200
116291 2836365 41687200
63273 2636375 24984700
46077 3071800 14990600
60171 2865285 21986400
71321 2971708 24986500
117702 2870780 41972300
70277 2928208 25097900
240597 2934109 83221000
89440 3194285 28982700
79349 3051884 26757300
107929 2998027 36975300
109546 2882789 38976700
193319 2929075 67958100
111727 2940184 37976100
41928 2795200 15989500
83528 2880275 30342700
215012 3028338 71960700
103376 3132606 33979400
116610 3151621 36976900
71711 2987958 16047600
73049 3320409 15625300
46133 3295214 15625300
105084 3502800 45888800
34280 2448571 5315700
116304 3420705 31250200
83579 3482458 31249300
34437 3443700 15624000
131536 3868705 31250500
88872 3864000 15624000
91996 3833166 31249200
97475 3899000 31248500
126113 3941031 31249300
114484 3693032 31248600
80740 3670000 15625200
24753 3536142 15624000
91651 3666040 15624100
71198 3747263 31868300
104945 2690897 38765200
97505 3750192 27723800
96591 3577444 22025000
77906 3895300 15626400
219663 3787293 68799800
40425 3675000 11992600
84301 3665260 20017800
53910 3850714 15626900
55745 3279117 15624300
27482 3053555 0
144922 3715948 46873400
52869 3524600 15624800
143241 3581025 46873200
84140 3658260 15624600
80055 3812142 31248800
86542 3461680 15625400
286588 3538123 90882200
64919 3416789 5403300
97641 3616333 41582800
94167 3621807 25984000
151919 3232319 48299800
86959 3623291 15624700
142064 3642666 46873200
51816 3454400 18938500
116943 3543727 33980600
71574 3578700 18652800
56403 3760200 15624500
42474 3861272 0
44802 4072909 15624600
8448 2816000 15624600
7644 2548000 0
67716 3983294 15624600
78770 4145789 15624600
71336 4458500 31249000
19383 3876600 0
52930 4071538 15624600
94668 4303090 15624400
67332 4488800 15624500
61441 4388642 15624400
84856 4466105 31249000
5591 1863666 0
71918 4494875 15624500
40225 4022500 15624600
5620 2810000 0
60310 4307857 15624500
23240 3873333 15622400
13844 3461000 0
77898 4099894 25104000
73807 4100388 17989000
96767 4207260 25031700
21574 3595666 0
149521 4397676 31250600
196907 4475159 46873600
117843 4208678 31249600
21028 4205600 0
209141 4647577 59635800
97442 4236608 23234500
39660 3966000 11992500
38160 3816000 9993800
55960 4663333 13000100
47552 4755200 11983500
45259 4525900 9994400
73188 4879200 15989600
13895 3473750 4999200
63399 4528500 13990300
122265 5094375 23984900
92786 3436518 27982900
44903 4989222 10991800
71142 4742800 14992000
53755 4886818 12260200
54520 4543333 12133300
27249 3892714 6000100
40865 4540555 6517300
12329 4109666 0
71857 5132642 23736800
11925 2981250 4996900
29913 4273285 7994200
10212 3404000 4996700
35833 4479125 7995100
12612 3153000 6995700
17254 3450800 4996400
77738 5182533 16990000
35254 5036285 7995400
15582 3895500 4996500
181774 6991307 23939200
20134 4026800 0
8161 4080500 0
104558 6970533 15624600
41803 6967166 15624800
73837 6712454 15624300
25253 6313250 0
6892 3446000 0
4886 2443000 15624400
13025 4341666 0
11020 3673333 0
3226 3226000 0
12319 4106333 15624500
6177 3088500 0
5488 2744000 0
5569 1856333 15624600
5526 2763000 7558600
2715 1357500 3997100
7424 2474666 5995200
10618 3539333 3998600
15761 5253666 2299000
17387 4346750 0
5336 2668000 0
3563 1781500 15626500
4593 2296500 0
2712 1356000 0
4277 2138500 15954100
20027 4005400 5995500
9721 4860500 5997000
20967 5241750 4997300
2489 1244500 4996500
8423 2807666 5287800
6143 3071500 3997500
1522 1522000 3726900
1710 855000 0
1544 772000 0
1978 1978000 0
6162 2054000 15625800
4305 2152500 0
1148 574000 0
10124 3374666 15622800
22574 5643500 0
Averages:
67285.53488372093 3585125.1860465114 20332335.465116277
185774 2902718 70958000
102023 2757378 36976500
221309 2911960 75954300
121161 3029025 40974900
290582 2715719 107931400
92504 2256195 41974700
171634 2561701 67516800
197093 2737402 73954600
123357 2741266 44971100
146547 2483847 60964900
109922 2748050 39973400
96185 2748142 36976900
52171 2898388 18988600
59459 2831380 21986100
218231 2989465 73954600
68187 2964652 22985800
110933 2919289 39975300
68402 3109181 21986400
249614 3044073 83948200
69286 3012434 24062200
128523 2920977 44977400
17634 2939000 6995600
243545 2899345 84947600
107021 2744128 38975700
104659 2907194 36977900
199256 3019030 65958900
189736 3011682 63960300
37436 2879692 13989700
87916 3256148 27984400
77884 3386260 23476900
56879 3345823 15626600
73984 3523047 15625000
71330 3396666 15624500
80731 3510043 31250400
114096 3803200 31248500
132096 3669333 31249300
140094 4002685 46872100
74606 3926631 15625300
57730 3848666 15623900
12961 3240250 0
120506 4155379 31249600
62237 3457611 15623800
101450 3381666 43027100
147070 3676750 38654000
194924 3677811 46874800
78014 3546090 32956000
158539 3774738 37631300
100926 3738000 31247600
48828 3756000 15624400
97534 3901360 15624400
191798 3835960 46873300
2714 1357000 15624100
131692 3762628 31249300
50101 3578642 15624600
118350 3698437 31249000
58885 3463823 15624700
116579 3760612 31248700
20477 3412833 15624700
67864 3393200 15624300
57405 3376764 15624300
151621 3526069 53850500
128472 3568666 31704300
106937 3449580 31249000
71221 3561050 15624400
157949 3589750 56179200
100665 3471206 29980000
111574 3486687 17673700
128732 2258456 62496400
21883 3126142 15624800
80771 3365458 15626300
79431 3453521 31248400
51839 3455933 15625000
67596 3557684 15625300
38433 3843300 15623600
32871 3652333 0
9286 3095333 15624600
48338 4028166 0
86204 4104952 31249400
57671 4119357 15624300
149920 4283428 31249200
139494 4227090 41662800
80762 4250631 19986200
65719 4107437 15991700
138692 4623066 21665900
42044 4204400 15624500
18967 3793400 0
55615 4278076 15624800
79405 4411388 15624300
24432 4072000 15624500
32752 4094000 0
18672 3734400 15624400
18930 3786000 0
62205 4443214 15624800
74921 4162277 27975700
49649 3819153 13991500
49970 4164166 12990900
56724 4051714 2056200
160305 4332567 46875800
233017 4396547 46874600
169139 4451026 46873000
72180 4245882 15624300
136437 4704724 31249200
40138 4013800 0
37120 4640000 15622800
22852 3808666 15625700
64659 4618500 0
52843 4803909 15625100
15195 3798750 15623900
57724 4810333 0
46071 4607100 15624300
86352 5079529 17085400
44106 4900666 15627400
48255 4386818 17316700
80689 5043062 17676000
76824 4801500 15725800
33994 4856285 0
23454 4690800 0
23697 3949500 15626400
21884 3647333 0
16377 3275400 15624300
46055 4605500 0
20458 4091600 17874400
12097 3024250 4997000
13874 3468500 5996300
50230 4566363 6586300
28440 4062857 0
21330 3555000 15626300
25592 4265333 0
9536 3178666 0
10228 3409333 15622300
103610 6907333 15627000
106721 7114733 15625000
5775 2887500 0
48049 6006125 16965900
2445 1222500 3994800
115337 7208562 17990100
14362 4787333 4997000
5339 2669500 4996900
9509 4754500 3997500
4965 2482500 2055200
5876 1958666 0
12001 4000333 0
10319 3439666 15762800
10227 3409000 0
5368 2684000 0
10483 3494333 15626600
6802 3401000 0
6074 3037000 0
3975 1987500 0
4260 2130000 21836500
6319 3159500 4997200
8613 2871000 4994600
3262 1631000 1101300
2998 2998000 0
4429 2214500 0
6015 3007500 15625400
3673 1836500 0
2924 1462000 0
5492 2746000 0
2198 1099000 0
9059 3019666 0
6966 3483000 0
34836 5806000 15626100
2375 1187500 0
3088 1544000 0
4221 2110500 15624400
3769 1884500 0
9259 4629500 0
7662 2554000 15624800
9856 3285333 6383800
12703 3175750 4996900
69315 5776250 11856200
Averages:
69130.41860465116 3556221.1279069767 21000817.441860463
