Stockfish 12, 4 Threads, Hash=16Mb, Lines: 1, Processor: Intel i7-3820QM 2.7GHz
Nodes  nps     Response Time
201606 4581954 66189500
175146 5151352 34975900
187183 4799564 39976100
137564 4913000 28981800
453520 4675463 98938900
302360 4799365 62961100
58604 4508000 13991600
191284 4665463 41973800
264470 4639824 56964800
172634 4543000 39975400
85115 4479736 18988300
163015 4528194 36977300
240036 4898693 49969500
110767 4815956 22985600
231122 4815041 47970000
104247 5486684 20987000
146881 5440037 26983700
88759 4931055 18988100
162080 5228387 31980100
142406 4450187 31980700
285499 4922396 59962700
74839 4677437 15990100
307528 4960129 63960000
112884 5375428 20987500
170223 5006558 33979100
208755 5642027 37976400
186244 5477764 35978000
129196 5617217 22985700
149699 5987960 25984200
135968 6180363 21988200
92138 6142533 14989700
144345 6275869 22985700
64124 6412400 11992900
129704 6485200 20987000
202427 6529903 31980000
137494 7236526 19987500
199542 6651400 30981100
87090 6699230 11926500
117298 6899882 20569600
80933 6744416 11992400
236417 7626354 32980500
130485 7249166 17672900
260016 7027459 31248700
141321 6144391 31246900
259447 5896522 31248200
227740 6506857 46874800
230549 6587114 31248000
127639 7091055 15624400
74698 6790727 15624200
50986 5665111 15624400
340521 7245127 46873900
48833 6104125 0
87213 6229500 15624200
71657 6514272 15624600
90669 6044600 15624300
137047 6526047 26980800
77270 5943846 12992200
65289 6528900 10993200
127298 6699894 19664500
169548 7064500 15623800
263318 5851511 46873500
142545 5701800 32906800
175804 5170705 22018700
217606 5726473 46873700
344435 7029285 46873800
194357 6941321 31248700
149827 6242791 31249100
89344 6381714 15624400
268717 6107204 31249300
74301 4643812 15624300
109832 6864500 15624300
94050 7837500 15624900
139663 6072304 31248600
62046 6894000 0
48532 6933142 15624400
14871 4957000 0
165165 7865000 34634200
68303 6830300 9993600
20646 5161500 6995100
144334 8018555 18036000
35997 5999500 0
90368 7530666 15624300
21459 7153000 0
172359 8617950 31249300
59914 7489250 0
52974 7567714 15624500
32215 6443000 0
77886 7788600 15624400
72167 7216700 15624900
137241 8073000 15624400
19128 6376000 0
35806 5967666 18925500
133360 5798260 22985900
91829 7652416 13991200
45241 6463000 1041200
117382 7336375 15624900
98036 6535733 15624700
276676 8137529 31249900
100542 7181571 15623900
414399 8125470 46875100
51108 7301142 15623500
149401 8300055 15624000
223702 8285259 31248800
26918 5383600 0
8401 2800333 15624700
85034 8503400 0
86661 6190071 15625300
27925 6981250 15623900
214789 9763136 15624200
60267 7533375 15624600
208054 9907333 15624500
47308 7884666 17997800
44954 7492333 6995900
119287 8520500 14990600
109893 9157750 12991600
54138 9023000 6995700
51032 7290285 7994900
14320 7160000 1033900
41650 6941666 0
57160 6351111 15624900
33318 8329500 0
21523 5380750 15624800
29478 5895600 0
50284 8380666 15624700
65312 8164000 0
54001 7714428 15624000
55052 6881500 0
78180 8686666 15625300
30540 7635000 0
9932 4966000 0
190046 11179176 31249400
91144 11393000 0
8407 4203500 0
101440 7803076 27037900
16246 8123000 4996600
86867 12409571 8994300
10393 5196500 3997100
31418 10472666 5996600
14735 7367500 4996600
46765 11691250 1027900
12558 6279000 0
60533 10088833 15625200
11075 5537500 0
6712 3356000 0
12466 6233000 15624500
60508 10084666 0
9994 4997000 0
14043 4681000 15624700
58917 9819500 0
13195 4398333 0
10120 5060000 15624300
56052 9342000 0
5627 2813500 0
6178 3089000 15626300
10848 3616000 0
6644 3322000 0
4961 2480500 15627000
4993 2496500 0
6086 3043000 0
4649 2324500 15622100
7775 3887500 0
8833 4416500 0
6392 3196000 15624700
6278 6278000 0
6996 3498000 0
6866 3433000 15624300
8307 4153500 0
9767 4883500 0
6606 3303000 0
6085 3042500 15624400
5943 2971500 0
18311 6103666 0
Averages:
102578.18604651163 6298355.1686046515 17952715.11627907
280980 5403461 63359400
150960 4717500 32977900
399710 4702470 84948500
174381 4253195 40973800
447795 4664531 96941000
446492 4749914 95939900
65560 4370666 14992300
100719 4796142 22986100
195034 2708805 72952900
79037 5269133 15990100
112549 5359476 21986500
48559 4855900 10993100
33267 4752428 6995700
115809 4825375 25984100
208562 4437489 47971400
166816 5381161 31979900
225547 5245279 43972900
141079 4864793 29982600
184034 4488634 41973500
260024 4906113 52965900
160506 4720764 34980100
102918 4474695 24984300
224058 5210651 43973400
131720 5066153 26981600
176992 5709419 31981900
131829 5070346 26981700
112488 5113090 22985700
195640 5754117 34978500
175001 6034517 29981500
143684 6247130 23985000
87684 5480250 7319300
61857 6185700 15626400
137247 6535571 15624400
161613 6215884 36857300
154799 6449958 25983500
151858 6074320 25789900
178036 7121440 25984900
128163 6745421 19988500
164158 7137304 17380200
92870 6633571 15625400
81425 7402272 16834700
177315 7388125 17505200
79206 6092769 21341500
158207 6878565 23984600
136638 6831900 20287900
67748 6158909 0
289828 5796560 61742800
195859 6120593 33691500
227748 6326333 21175400
158138 7906900 31247500
213503 7116766 31249100
54996 6110666 14816100
111641 6977562 16989500
196489 7277370 22291000
162763 5812964 34010200
150960 7188571 22987200
16263 4065750 4995100
128983 6788578 7039800
62971 4198066 15627700
359017 6189948 70173000
97069 6066812 12723100
109330 6073888 15626300
213425 6669531 31252200
85835 6602692 15621300
141130 6720476 15624700
223151 6375742 46872600
246700 5248936 46873700
279185 6492674 31249000
125719 6984388 31247800
94098 6273200 15626900
127023 6351150 15622600
70258 7025800 15623600
138484 6294727 15624700
123997 6526157 15625000
38314 6385666 15623100
13384 4461333 0
36602 6100333 16945100
204086 5831028 35978600
44388 6341142 3041700
188301 8187000 15625200
87083 6220214 15624000
40696 6782666 15625900
208417 8684041 15623700
82412 7492000 15624400
136775 7598611 15625500
79422 7220181 26887600
22627 5656750 6994900
56649 6294333 8995000
18743 4685750 6995000
29091 5818200 6031400
32015 6403000 0
61616 7702000 15625600
198418 7936720 26691100
90875 6990384 13991500
222535 7417833 30980900
90410 7534166 12992500
47843 6834714 7995400
235759 7605129 31980600
379110 8616136 44971700
30071 6014200 7994400
77006 7000545 6068700
151576 7217904 27595700
63896 7099555 9993000
9221 4610500 5995800
136909 7205736 20671600
96668 7436000 13989800
37835 6305833 6997500
59207 8458142 7994900
90506 8227818 11992600
114577 7638466 15988100
78286 8698444 9994800
79897 7263363 10992200
35417 7083400 6997800
96577 8779727 10994000
127341 7958812 16988800
57295 8185000 6090200
177340 9852222 15626500
44736 8947200 0
38519 6419833 20262700
35042 7008400 5996300
64118 7124222 8054900
26631 6657750 0
42308 8461600 0
31442 6288400 21629700
101315 8442916 10993200
7946 2648666 5998100
32663 5443833 5996600
38556 6426000 6995500
13550 6775000 4996800
45834 7639000 6995400
189731 10540611 18988800
28004 7001000 5996100
84469 12067000 7993100
193433 12089562 16991200
3185 3185000 4997100
8152 4076000 4997000
14781 4927000 4996400
36612 9153000 4662500
15214 7607000 0
39321 9830250 0
13113 6556500 17762400
35929 8982250 5996000
15934 5311333 5996500
13066 6533000 4994700
6805 3402500 4999100
11778 5889000 5995000
25971 8657000 5997200
9868 4934000 4996900
8059 4029500 4996800
9025 4512500 5996100
11707 5853500 4996400
17082 8541000 4996900
6977 3488500 4996900
7940 3970000 669900
6994 3497000 0
5196 2598000 0
5184 2592000 15624200
19408 6469333 0
35812 8953000 0
11676 5838000 15626400
19861 6620333 0
7755 3877500 0
7839 3919500 15624400
7801 3900500 0
7224 3612000 0
6613 3306500 15623200
7159 3579500 0
74661 10665857 0
11152 3717333 15625200
6843 3421500 0
7564 3782000 0
37606 7521200 15623100
Averages:
102299.4011627907 6245313.866279069 18268487.209302325
224538 4582408 60962300
92541 4870578 20987600
353083 4645828 75953400
172193 4919800 35978400
280938 4322123 65957900
254822 3860939 66959000
242413 5050270 48970100
140591 4393468 32978600
238959 4595365 52967400
386839 5157853 75954300
127095 4539107 28981500
220266 4788391 46970900
118212 5139652 23984900
119743 5206217 23985300
479562 4844060 99939400
118083 5367409 22984800
152969 4780281 32979300
205691 4570911 45973900
184931 5283742 35975800
121250 5271739 23985100
213060 4842272 45971600
290517 4841950 60962800
166808 5380903 30980100
111952 4867478 23986100
162478 5077437 31983200
215618 5827513 28896100
148680 5947200 31253700
224058 5745076 42665900
202285 5467162 36976100
161989 6479560 20671400
90507 6033800 16961700
197432 5982787 37900800
174680 6238571 28409600
95701 6835785 15626400
161175 6199038 15623800
94007 5875437 15625200
383565 6287950 62498800
107098 6693625 15623700
83491 5566066 15622900
13457 3364250 15626100
108967 7264466 15623500
170744 7114333 15624200
60371 6707888 15624500
83065 6389615 15624300
111086 6534470 15624300
110721 6513000 15624500
156721 6813956 31251700
130929 7273833 15623900
121315 6739722 15624700
328176 6697469 57807800
122980 6832222 14037900
21982 5495500 0
200601 6686700 31251200
185525 6184166 31247900
158358 5655642 39027000
52337 5815222 8995200
86506 6179000 6040400
40947 5849571 15625200
112921 5132772 15625300
233360 6307027 45384100
240851 6509486 37909600
65666 5969636 12102100
48876 5430666 9993700
86825 5426562 15990000
203853 7029413 29982400
289670 6896904 42972300
184024 5750750 31981800
92975 5810937 7856700
186568 6433379 39090800
83354 5209625 16989400
78631 6048538 12993000
167155 5392096 30979800
141659 5902458 24985100
75249 6270750 12991400
8132 2710666 4996500
9953 3317666 5997600
12394 4131333 6995500
161455 7338863 21985700
134627 6731350 20989400
124544 6554947 18986500
80856 6738000 13517800
22804 5701000 6995400
13231 6615500 7996400
383569 6613258 58964300
4922 2461000 6994900
142763 7513842 20987600
39673 7934600 8117700
92829 7735750 12997900
22173 5543250 6995500
121840 7615000 16989600
42858 6122571 4640600
79118 7192545 0
164834 7849238 37012200
124986 7811625 12993200
229599 7406419 36029400
17812 4453000 6995500
122020 7626250 6944000
207152 8286080 36632400
111670 6203888 17987900
392473 7268018 55640300
27324 6831000 5996300
223880 7995714 28982900
62701 6270100 6036700
103708 7977538 15628200
21499 5374750 0
126989 7936812 27087700
28730 7182500 6994600
90932 9093200 10993800
153756 9609750 4568200
80469 8941000 15627300
140873 9391533 15622800
29176 7294000 0
22615 5653750 15624100
126043 9003071 17995800
164851 8242550 21985600
29908 7477000 5995700
31175 6235000 6996000
25437 6359250 5996400
39471 6578500 6995200
35558 5926333 5996800
95321 7943416 13993500
17006 5668666 5996100
37332 7466400 5996400
17180 5726666 5995100
80833 8083300 9995000
9468 3156000 4996900
5396 5396000 5995500
42165 8433000 5997100
12153 4051000 5996200
6778 3389000 4995800
132231 13223100 11094600
82258 11751142 0
112609 12512111 15626200
167687 12899000 15624300
8126 4063000 0
6923 6923000 0
13460 4486666 0
29829 5965800 15623200
10437 3479000 0
12025 4008333 0
9123 3041000 15624800
11620 5810000 0
8272 4136000 0
42831 8566200 15623800
7212 3606000 0
6231 3115500 14578000
20482 6827333 4995800
22059 5514750 4997200
8425 4212500 5995900
7636 3818000 4997200
16271 5423666 4998300
8016 4008000 4995300
7325 3662500 5004800
6539 3269500 4641300
6743 6743000 0
6091 3045500 0
8377 4188500 15625800
14712 4904000 0
9227 3075666 0
8324 2774666 15624700
7598 3799000 0
13624 6812000 0
11145 3715000 16012600
5557 2778500 4696800
14947 7473500 5997400
15083 7541500 5385000
9266 4633000 4996300
24024 6006000 5996000
15050 5016666 4997200
8126 4063000 3981900
27114 9038000 0
51190 10238000 0
Averages:
103762.11627906977 6025243.209302326 18858148.255813953
