Stockfish 12, 4 Threads, Hash=32Mb, Lines: 1, Processor: Intel i7-3820QM 2.7GHzg
Nodes  nps     time (ns)
280567 4837362 87951800
232803 5969307 40357800
209860 4769545 44971300
160114 6158230 25284600
385996 5514228 72032900
185686 5461352 35275500
338231 5048223 67958800
159109 4079717 39975100
207325 4319270 48969800
188637 4013553 47969900
55746 3981857 13991400
116091 4465038 26644400
55866 4655500 12993700
76355 4491470 17986900
220423 5009613 43971600
185555 5154305 36977400
235801 4366685 54966300
155992 5199733 30980400
232326 4840125 48969900
287818 4796966 60962500
262651 5150019 51969800
27114 4519000 6995600
171672 5364750 32979600
203545 5088625 41972900
65163 4654500 13992600
196252 4906300 40973400
143304 5307555 26984500
141567 6155086 24982700
68773 4912357 13991400
139482 6340090 23987200
92421 5776312 15990000
203209 6157848 33976500
145743 5829720 25985500
128729 5596913 23984200
172056 6617538 26983200
125146 6257300 20987400
290911 6926452 43973500
105291 6193588 16989600
114291 7143187 16989500
225834 6452400 36976100
201990 6312187 30551200
142742 6488272 15625500
30965 5160833 15626200
42543 6077571 0
11122 5561000 0
164338 6573520 37388000
208577 6518031 31249400
145893 7294650 15624000
169991 6799640 31251100
129903 6495150 15622700
172015 6880600 31249400
37613 5373285 0
77160 4822500 15623400
152683 7634150 31249400
79939 6661583 0
92746 7134307 15623600
48567 5396333 21191200
52761 5862333 9992700
127693 6080619 22985900
250346 6258650 38295200
222372 6540352 31248500
322636 7013826 51894500
198646 6849862 17661900
81775 5451666 15623800
83471 6420846 15624600
265095 5762934 46874100
58746 5874600 15623600
81805 5843214 15624900
145221 6600954 15624700
120971 6720611 15623800
138314 6586380 31249800
43959 6279857 0
100499 6699933 15623500
70996 5071142 15624500
45155 6450714 15624900
11190 3730000 0
20552 5138000 15624200
155528 8185684 15625400
106355 7090333 15624300
133415 7847941 15624000
49043 7006142 15624800
64310 7145555 0
51388 7341142 15624000
32246 6449200 0
53329 6666125 20077600
120083 8005533 16990100
124025 8268333 15990300
73756 6705090 2044300
60335 7541875 15624800
84728 7702545 15626100
67618 7513111 0
184430 8018695 31248300
30951 6190200 0
101076 7219714 15624100
108978 7784142 15624500
69589 6326272 19117400
40357 5044625 8994000
189567 7898625 24985200
192850 7417307 18670600
224444 8312740 31249600
71199 7119900 15624200
179967 8569857 15624700
220274 8158296 31250000
18337 6112333 0
23167 5791750 15623300
114907 7181687 15624300
60509 7563625 0
46284 7714000 15624500
131393 8759533 15624600
72951 8105666 0
147486 9217875 15624200
66530 8316250 15624000
42929 8585800 0
134106 10315846 15624600
265226 9145724 31251000
19639 6546333 15623600
93750 9375000 0
44615 7435833 15623700
25048 6262000 0
32587 8146750 15625300
63967 7995875 0
51187 7312428 15965400
61200 6800000 9994200
18212 6070666 4995700
75387 6282250 12992300
21397 7132333 5995800
13625 4541666 2188700
22203 7401000 0
51301 8550166 15626000
51292 8548666 0
125694 11426727 15624100
107400 11933333 0
9798 4899000 15624900
144595 13145000 0
6552 3276000 15624400
120841 12084100 0
13119 4373000 15623900
5634 2817000 0
10157 5078500 0
27189 6797250 15623900
12398 6199000 0
11652 3884000 0
11677 5838500 15625300
6593 3296500 0
13588 6794000 0
19664 6554666 15624700
13534 4511333 0
26123 6530750 0
27267 6816750 17966200
15915 5305000 5439600
8671 2890333 5646900
12124 6062000 5002300
5852 2926000 4995000
5304 5304000 3998200
12605 6302500 5924400
6009 3004500 4996800
14133 7066500 5058300
7852 3926000 0
8003 4001500 0
34556 8639000 15626400
14680 7340000 0
37421 9355250 0
6741 3370500 15623700
15391 5130333 0
11439 5719500 0
13297 4432333 15624200
6384 3192000 0
10894 5447000 0
24533 6133250 15624300
17249 5749666 0
11900 5950000 0
17507 5835666 15626100
Averages:
98461.95348837209 6319651.1686046515 17496747.093023255
347549 4455756 106346200
184159 5115527 36977300
307547 5491910 56962900
165638 5521266 30982900
490048 4623094 106475000
365864 4355523 83948300
260073 4408016 58961600
125659 4333068 29983100
151210 4582121 33979100
304637 5538854 55965300
59203 4933583 12991300
216913 4715500 46971900
146874 5245500 28982300
171215 4891857 35977800
255998 5224448 49968900
106422 5912333 18986600
180975 4891216 36977600
170147 5317093 32979000
111766 5322190 21987000
148593 5306892 28982900
149647 4827322 31979100
298639 4666234 63962000
264340 4720357 55963400
164114 5294000 31979100
79829 4989312 16990300
188561 5892531 32979800
95060 5941250 15991400
116604 5300181 22984800
82981 4881235 17988100
132791 5107346 26983700
68895 5741250 11992200
80066 5719000 13992700
131811 5492125 24861300
173507 6196678 28981500
110300 5515000 19988400
174003 7250125 15039400
211488 6220235 31253400
158191 6084269 31249300
199156 7376148 31249700
9924 4962000 0
46565 5820625 15619600
165139 7179956 15627300
90936 6495428 15623700
95322 6354800 28673900
70079 6370818 5060100
31029 5171500 0
336768 7165276 46879000
248322 6056634 46869100
228323 5708075 46874700
63821 7091222 0
223576 6986750 31249100
64322 5360166 25978100
58934 6548222 9994100
34158 5693000 6995400
263308 5984272 41189700
32155 5359166 0
62518 6251800 15622200
197893 7329370 31253400
266996 5804260 47974100
221419 6919343 23672000
147513 6705136 31253000
126549 6660473 15621500
183424 6550857 31250400
147591 6708681 15624400
179075 6632407 31246800
119882 7051882 15625100
263858 6765589 31250000
81537 5824071 15621800
161741 6469640 31251300
87683 6744846 15623200
133581 6361000 15624500
43093 5386625 15624700
91408 7031384 15623300
47768 6824000 0
34773 5795500 15625800
75731 6884636 0
67595 6145000 26003000
161225 6449000 25983500
112808 7520533 990500
120146 8009733 31252000
144360 8020000 15625800
31455 6291000 0
72708 7270800 15623200
182291 8285954 15626400
35746 7149200 15620700
18490 6163333 0
66868 7429777 15625500
96815 6454333 22915000
45996 6570857 7995000
146977 6998904 21986400
11374 3791333 5034300
15274 5091333 0
259166 8098937 31256900
118813 6600722 15621100
46024 5753000 15620800
182848 7618666 31254300
77769 7069909 0
143836 6849333 31245000
220357 8161370 31249000
81501 7409181 0
666822 7492382 93747800
212905 8871041 31248700
166654 6943916 27026700
22643 5660750 6995100
56541 7067625 8994900
101601 7815461 12993100
40106 8021200 6995100
26023 6505750 6033900
117285 9021923 0
64816 8102000 15625700
245246 8758785 31254900
78294 7829400 16069200
31595 6319000 6995100
147265 9204062 12256500
157038 9237529 15626100
48664 8110666 0
41444 6907333 15625500
24445 6111250 0
9632 3210666 16942500
62828 6980888 9995800
31775 6355000 5994800
25955 5191000 6995700
74825 8313888 8995300
37470 7494000 4045000
74385 8265000 0
20391 6797000 15626400
12638 4212666 0
156755 9220882 23852500
20996 5249000 5996400
22468 5617000 5996400
161325 12409615 14205100
86993 10874125 0
30623 7655750 0
91742 10193555 15625600
14187 7093500 0
64158 9165428 15625500
55527 11105400 0
6975 3487500 15623900
16025 5341666 0
13600 4533333 0
13165 6582500 15623500
48868 9773600 0
17040 5680000 0
16383 8191500 15626200
17762 8881000 0
12915 6457500 0
10330 5165000 15623100
30756 7689000 0
9370 4685000 0
8489 4244500 15625800
108517 13564625 0
8135 4067500 15624900
9173 4586500 0
7822 3911000 0
7314 3657000 15623600
6885 3442500 0
21442 7147333 0
12446 6223000 15624700
5971 2985500 0
46505 9301000 0
19063 6354333 15625000
42835 8567000 0
22552 7517333 0
6413 3206500 15624400
10990 5495000 0
11204 5602000 0
9049 4524500 15622500
21488 7162666 0
7477 3738500 0
4809 2404500 20058400
5874 2937000 4996300
43920 8784000 6870000
Averages:
106472.38953488372 6377254.5813953485 18787929.651162792
164340 2650645 90990700
85891 6135071 14990100
432348 5086447 86944700
115631 4817958 23985200
523388 4220870 123923600
347453 4759630 73954500
165350 4593055 36976900
137723 4749068 29981500
345557 4607426 75953200
298341 4890836 62961100
121325 4666346 25983800
54705 4973181 10994500
58928 4910666 12992300
194988 5416333 36978200
168996 5281125 31979000
51650 5738888 9992800
182944 5226971 35977900
73800 4341176 17988400
272435 4864910 56965400
200941 4566840 44973300
284061 4581629 61960600
64651 4617928 15990200
318957 4690544 68958000
150349 4849967 31979800
202427 4600613 44971600
256403 5455382 47971100
397416 4621116 85947700
57483 5225727 11991600
105630 5559473 19987900
96902 5383444 18987900
92862 4887473 19987900
129876 5411500 24984500
77661 4568294 17988900
111353 5302523 21987500
247776 5386434 46969900
187498 5514647 33979000
259555 5642500 46971200
34541 5756833 8994400
101253 5625166 18988100
104880 6169411 16989700
83683 6973583 12991800
165873 6634920 25983900
97032 6468800 15990600
328507 5972854 55965000
226161 5654025 40974700
88856 4936444 17989500
389934 6289258 62960700
95047 6789071 14991400
91683 7052538 13991400
139739 6654238 20987600
175827 6063000 30979800
61260 6126000 9993200
48240 4824000 10993800
101129 7223500 13991300
110377 6492764 14627300
174685 6238750 31641200
41171 5146375 8994300
158796 5671285 29981000
241491 6899742 36977800
34698 4956857 6995400
108101 5405050 19673400
126610 6330500 20987000
213618 6890903 27990400
120507 7088647 15625100
131242 6907473 15624700
99177 7084071 15624200
334580 6434230 63468000
45729 5716125 8994600
212104 6842064 30662100
66403 6036636 0
167642 6705680 31247500
96280 6418666 15623900
115501 6416722 15625000
81825 6818750 15624300
30185 6037000 0
73065 6088750 27902400
15254 3813500 6994600
119237 7452312 16991300
167267 7603045 19668000
139176 8186823 15623900
34019 6803800 0
51251 5694555 15624000
41422 5917428 15624900
35173 5862166 0
20071 6690333 15624200
108821 7254733 15625600
37239 6206500 0
306154 8274432 31248800
90481 7540083 15625600
41180 5882857 18277900
45935 7655833 7994600
52838 7548285 8994400
108005 8308076 6479600
188290 6973703 31249700
5869 5869000 0
7007 3503500 15623700
50199 7171285 0
333691 8556179 46874400
122927 7682937 15624200
243235 7846290 34044500
258744 7840727 24022400
70169 7796555 15624600
255861 8528700 31249900
7886 3943000 0
11385 5692500 15623700
110979 9248250 0
80135 8013500 15624700
33690 6738000 0
155153 9126647 31249400
97316 8846909 0
178296 7752000 35568800
47468 6781142 8994200
78854 7168545 11992600
101737 7825923 13991200
113293 8092357 14990800
28525 7131250 5995900
73397 8155222 8994800
30408 7602000 5881300
52265 7466428 0
28793 7198250 15624300
80725 8072500 0
15845 5281666 15624600
34762 6952400 0
32630 6526000 0
58025 6447222 15624900
7682 3841000 0
15837 5279000 15624700
102092 10209200 0
10537 5268500 15625500
7123 3561500 0
206664 11481333 15623200
73542 10506000 15624500
22246 7415333 0
120931 12093100 15624800
3915 1957500 0
88346 11043250 15624100
22214 7404666 0
36822 9205500 0
7349 3674500 15624200
7451 3725500 0
19207 6402333 0
66632 9518857 15624800
7535 3767500 0
8320 4160000 15625300
21236 7078666 0
11128 5564000 0
13076 6538000 15624500
6555 3277500 0
9447 4723500 0
9598 4799000 15624900
154333 12861083 0
5801 2900500 15625300
7934 3967000 0
5774 5774000 0
7672 3836000 17175100
4045 2022500 4995900
8158 4079000 5604200
11361 3787000 5996900
8160 4080000 4997100
5378 2689000 4996500
8154 2718000 4996000
26747 8915666 5996300
8420 2806666 5996600
7923 3961500 4997200
6500 3250000 4996500
4517 2258500 4996600
5670 2835000 5003000
5912 2956000 4992000
6476 3238000 4996300
3937 1968500 4996500
8410 4205000 4996300
45336 7556000 6994900
Averages:
103594.25 5990248.941860465 19246863.953488372
292872 4963932 108268200
203019 5639416 36979400
293906 5652038 52965300
188407 5887718 33197600
557484 4847686 115630200
144841 4260029 34980000
523597 4327247 121923700
94396 4495047 21987500
293558 4586843 64959800
185522 4417190 42972100
89012 4450600 20987200
48689 4868900 10993800
44422 4442200 10992200
64817 4321133 14990600
327113 4420445 75953600
75242 5016133 14990400
172311 4786416 36977400
202875 5635416 36977300
118936 5406181 22985600
95889 4794450 19987400
240094 4707725 51968700
77662 5974000 12993000
179889 4612538 39973400
194979 5131026 37977000
139868 4995285 27983400
166134 4886294 34977700
256579 4934211 52681300
246945 5039693 50968800
112685 5634250 19987800
140576 5623040 24984300
196322 5453388 37976600
197552 5644342 35977800
239179 5694738 42973600
170442 6312666 26982900
137509 6250409 23985700
126249 6312450 20987000
188754 6291800 30980600
163649 6294192 26983700
62569 6256900 9991800
32477 5412833 7994500
64071 6407100 9995000
122704 6458105 20112200
89081 6852384 0
152743 6942863 31251300
278042 6620047 46873500
123920 6884444 15623700
207567 6289909 31249400
98840 6589333 15623800
106691 6275941 15624400
45736 5717000 19036400
410939 6848983 57650600
43921 6274428 0
65310 5937272 15620500
106192 6637000 15624200
159702 6943565 32550400
113990 6332777 17988400
15994 3998500 4996900
45956 5744500 7995600
157663 6854913 21669600
282242 6563767 47143600
88130 5508125 3285300
222629 6746333 46872800
128439 6759947 15626700
93906 6260400 15624400
118245 6955588 15622200
246305 6007439 46874200
143284 6512909 15624900
138446 6592666 15624200
82009 6308384 15623500
170938 6331037 40364700
170686 5885724 29964000
93439 5839937 15989900
94472 6748000 14990600
67253 6725300 10991700
38041 5434428 7995100
39330 6555000 7996400
21769 5442250 2040000
168294 7649727 15626100
104063 5781277 15624700
169187 7049458 31249900
82185 7471363 15624000
15583 3895750 0
17602 5867333 15622900
170322 7405304 26925500
10356 5178000 5995300
123954 7291411 17990300
16215 5405000 5030200
69395 6939500 0
46234 5779250 15627000
38565 5509285 12482100
9046 3015333 4996700
39733 6622166 7996800
255251 7976593 23389000
126273 7427823 15624700
116878 7791866 15624700
20970 5242500 15623100
68325 6832500 0
171755 6870200 31249000
247933 8264433 31250400
471042 6729171 62496200
60926 6092600 15623900
157529 7876450 15625600
94191 6279400 15624300
39845 5692142 22992400
45163 6451857 7995400
99825 7678846 13991100
120712 8047466 15991100
21535 7178333 6055400
154009 9625562 15623800
75087 7508700 0
152754 9547125 15625300
41636 6939333 20786600
26181 6545250 5995900
131041 8736066 15990300
70501 7833444 7743600
113642 9470166 0
21606 4321200 15625100
23913 5978250 0
47366 7894333 15626200
27037 6759250 0
20447 5111750 0
33407 5567833 20896900
81543 9060333 9991800
23426 5856500 5997000
68472 8559000 8995200
18410 6136666 6077700
32518 8129500 0
60259 8608428 0
21323 5330750 15626200
21275 7091666 0
181066 12933285 15624900
16522 8261000 0
14586 7293000 15624000
107864 11984888 0
4205 4205000 15624400
34126 8531500 0
14578 4859333 0
22247 5561750 15624200
23125 7708333 0
10122 5061000 0
14500 7250000 15624100
10531 5265500 0
19450 6483333 0
6717 3358500 15624500
8426 4213000 0
13953 6976500 0
15795 5265000 15624600
8914 4457000 0
19553 6517666 0
24010 6002500 15625300
14936 7468000 0
77257 11036714 15623500
5688 2844000 0
9510 3170000 0
15005 5001666 15625800
14300 7150000 0
8912 4456000 0
8117 4058500 0
6342 6342000 15633000
9344 4672000 0
11190 5595000 0
26455 6613750 15615800
7378 3689000 0
28289 9429666 15624800
5223 2611500 0
4929 2464500 0
4614 2307000 15623300
66934 8366750 0
11411 3803666 15626400
20268 6756000 0
34625 6925000 0
60383 8626142 21177900
Averages:
101289.45348837209 6174101.639534884 18621307.558139537
202898 5202512 77626700
131713 5268520 25982900
157540 4923125 32979000
165450 6363461 26984000
484690 5445955 88856300
539106 5183711 104252900
147969 4352029 34978500
70916 4171529 16990000
93080 4898947 19986400
344732 4658540 74954900
166060 4744571 35976900
116681 4321518 27982700
48248 4824800 10993200
95757 4787850 19988400
155258 5008322 31979500
161141 5035656 32980000
93475 4673750 20986700
80207 4455944 17990400
142276 5472153 26982400
146769 4586531 32979700
144196 4241058 33979100
112419 4887782 23984800
261900 5572340 47970900
116531 5296863 22985700
243054 5063625 47969700
293705 5874100 50968500
136749 5064777 27983500
263110 5262200 50969400
80515 5367666 14991100
115014 5476857 21984400
29972 4995333 6997500
119983 5999150 19986400
120623 6031150 20988000
170182 5672733 29980400
184524 5952387 31979500
121059 6052950 19988600
132317 6615850 21987200
52523 5835888 8994000
99009 7072071 15989500
25455 5091000 6994700
176500 7673913 24986200
40860 5107500 7995200
17750 5916666 5995200
242174 6209589 39976000
197230 7043928 28982600
53579 4870818 10993800
149308 6491652 24982800
137465 7235000 19987700
80229 6685750 10838500
129392 7188444 15625800
209073 6533531 31251500
21669 5417250 0
87592 6737846 15622300
139400 7336842 31250600
92821 6630071 0
75945 6904090 15625200
39012 5573142 15622900
71008 6455272 0
91135 6075666 15624700
72608 5186285 15622700
131819 6590950 31250500
279268 6811414 31247900
356256 6142344 71893300
133543 6677150 10036800
252014 6300350 46874000
181433 6978192 15625600
290049 5800980 53933900
57012 5701200 15624700
87170 6226428 15625600
100021 5883588 15623500
170871 6834840 31249100
115021 5477190 24495900
257183 6123404 28958700
68038 6185272 15624900
23579 4715800 15624600
16207 5402333 0
13437 4479000 0
161353 6454120 31247700
199981 7406703 31249800
76670 7667000 0
84166 6474307 15623700
29183 5836600 15625300
14772 4924000 0
9317 4658500 15623200
6429 3214500 0
14056 4685333 15626000
67106 7456222 0
118658 6592111 15623200
73685 7368500 15624600
62075 6897222 19039700
60876 6764000 10992800
17419 5806333 5995800
138848 7307789 19988000
31982 6396400 8057200
62179 7772375 0
71456 5496615 15625700
53212 5912444 15626300
253256 7235885 31247700
181921 8269136 15625000
265426 6805794 53574800
40910 6818333 6995100
166230 7915714 11034800
155656 7075272 31249600
92399 7699916 0
29997 5999400 15625800
90635 9063500 15625400
180870 9519473 15623800
101437 9221545 15623100
37233 7446600 0
100416 9128727 15624700
178603 9922388 15624600
17525 5841666 15624900
8686 4343000 0
122212 8729428 15624900
115616 9634666 15623500
44304 8860800 0
52089 8681500 15625500
30034 7508500 0
21312 7104000 0
37347 6224500 15623200
60196 8599428 0
22424 5606000 15624600
21673 7224333 0
63265 9037857 15626000
46215 7702500 0
20989 5247250 0
42816 8563200 15624700
57659 9609833 0
15812 3953000 15624500
28219 5643800 0
95274 10586000 15623600
82384 11769142 0
120920 12092000 15625500
35383 8845750 0
50395 7199285 22010800
63251 10541833 6995400
92227 11528375 8994400
21525 7175000 4996800
11258 5629000 4997000
14308 7154000 4996900
25192 8397333 5996300
14375 7187500 4996900
34068 8517000 6032000
11158 5579000 0
13404 6702000 0
19528 9764000 0
11288 5644000 15625600
28863 9621000 0
19144 9572000 15625000
7278 3639000 0
7229 3614500 0
7005 3502500 15624400
6883 3441500 0
6754 3377000 0
10717 5358500 0
6629 3314500 15624200
12957 6478500 0
10445 5222500 0
8665 4332500 15624600
6403 3201500 0
7202 3601000 0
5538 2769000 15624500
5725 2862500 0
5511 2755500 0
7707 3853500 15624600
5551 5551000 0
6633 3316500 0
30151 7537750 17947300
8070 4035000 4995500
5573 2786500 4998600
6532 3266000 4996800
15812 5270666 6000500
Averages:
93291.84302325582 6228654.337209302 17034997.093023255
