Stockfish 12, 4 Threads, Hash=16Mb, Lines: 2, Processor: Intel i7-3820QM 2.7GHz
Nodes  nps     Response Time
184933 4741871 51967700
172664 4666594 37976000
577711 4658959 125922400
209645 4991547 43974100
573073 4341462 131917800
532321 4883678 110931200
192765 4589642 42973600
279517 4903807 57964300
248844 5184250 48970100
294830 5360545 56963900
202843 5071075 40975600
288029 5647627 51968900
311795 5470087 58964200
169127 5285218 32977500
302234 5037233 60962600
175154 5650129 33041100
251510 4931568 51972800
567854 5460134 89574800
388015 5315273 86776100
243319 5069145 48047700
275376 4514360 66178400
355667 6239771 46877400
165720 4874117 31243800
246455 5731511 46873900
306085 6246632 62497600
198189 6393193 31249600
150546 6272750 15624000
185960 5469411 46873700
277621 5665734 50857800
101550 5641666 18323000
223834 5739333 33698900
384300 6100000 70879500
276102 6902550 30027900
294054 6256468 46880000
273531 6838275 46869300
384844 6635241 62500600
584240 6564494 96268800
193318 6041187 33656300
236669 6960852 35976100
117316 6174526 10051200
388454 7062800 65574700
307744 6411333 46912500
169307 6511807 15622500
188518 6732785 41562800
261514 5943500 45645500
255244 6898486 31251800
231375 7463709 31246700
200323 6907689 39464300
398206 7374185 55964900
223477 6572852 35598900
593868 7423350 71215100
193296 6665379 40654400
159553 6382120 25984900
227392 6496914 34292600
214585 6922096 31250100
167067 5760931 31250400
222789 7186741 31249300
77977 6498083 15621700
395209 6933491 42372300
343560 6246545 46877100
95095 6339666 15620800
377073 6855872 62499300
382975 7092129 46873700
132264 7348000 31247400
163911 6304269 15625500
224855 6613382 47217900
345704 6522716 55007500
126627 7034833 14034400
97483 6498866 15626000
114075 6003947 25529400
267878 6229720 44972600
104420 5801111 17988700
239695 7049852 35978300
148725 6760227 23984300
201936 8077440 25984000
276681 9881464 23674400
67333 7481444 15621700
227515 7339193 33771900
299951 7141690 33137400
277928 8174352 34342800
119660 7038823 31669000
116238 6837529 18988400
131278 7722235 17988700
168366 7015250 25983900
79661 7241909 12992200
273038 8273878 26026200
130035 6843947 15625300
77028 7702800 15625000
11616 3872000 15624400
107450 7675000 15624600
168686 7334173 15624800
32728 6545600 15625600
296298 8465657 31250000
27748 5549600 15622600
252478 7650848 35399000
116166 5808300 21986600
199553 7390851 28981100
529774 7568200 70956700
477497 7958283 61834800
221190 7373000 22007500
277391 7112589 49992700
116390 7759333 16607800
309629 7939205 41588900
87750 7312500 12992900
117594 7839600 12088800
103745 8645416 18640200
286170 11006538 28982100
118635 7909000 14990600
121550 7596875 16990200
68474 8559250 12991800
163558 9086555 7337800
32826 8206500 21655200
123932 8852285 14989400
208783 9490136 13343300
159469 8859388 15625500
52943 6617875 15624000
118573 9121000 15625100
80207 8911888 15628100
54105 7729285 0
46859 5857375 22948400
90808 8255272 12993200
56961 6329000 9993800
19693 6564333 8088700
69289 8661125 12991900
110767 8520538 13992500
62955 8993571 6398800
84677 10584625 0
66025 8253125 15624600
36720 9180000 15625200
47634 7939000 0
347426 11980206 35436900
102116 10211600 15625900
78826 11260857 0
56289 11257800 15634100
99996 11110666 15614300
76422 12737000 0
38957 7791400 15624800
25087 8362333 15624100
11405 3801666 8587300
18716 6238666 7999300
25488 6372000 8994900
28618 9539333 8995200
80052 11436000 5040000
31421 7855250 0
22000 5500000 15624000
16008 8004000 15626300
19663 6554333 0
25557 6389250 15624900
14972 7486000 0
88670 11083750 15622900
27678 9226000 0
13956 6978000 15626000
29755 9918333 0
13284 6642000 15622300
29102 9700666 0
6128 3064000 15626100
13897 4632333 0
16639 5546333 15623000
14445 4815000 0
12925 6462500 15626200
15475 5158333 15624700
20665 10332500 0
27189 9063000 15624800
10289 5144500 0
13966 6983000 15624000
8500 4250000 0
19201 6400333 15625400
10959 5479500 0
53951 10790200 15622300
5679 2839500 0
13971 4657000 15625900
40644 10161000 0
Averages:
170033.30813953487 7036302.848837209 28569268.604651164
367117 4894893 95234900
144587 4016305 36976900
592430 4701825 127920000
223430 4965111 45971900
563915 4547701 124923400
443395 4571082 98939400
84525 4226250 19986700
144958 4831933 30982700
337577 5193492 65957600
146925 5650961 27982300
156405 5393275 29982400
249727 5549488 45970900
304621 5641129 55964800
135804 5904521 23987400
532327 5431908 99936600
162627 5082093 32979600
98467 5182473 19988200
358725 4914041 73953400
295134 5088517 58964300
337389 5441758 62960900
395071 5065012 78953100
249827 5098510 49968700
496556 4774576 104944200
328417 5383885 62499600
297735 5223421 46873400
410106 5326051 78121300
278474 6188311 46874000
307530 6406875 46873100
196296 5452666 49988500
373665 5661590 66938000
282404 6723904 44360700
208044 5944114 36977300
247355 7067285 20695500
284598 7114950 46874100
403794 6619573 62494400
59672 5967200 15622600
292958 6812976 46874700
284192 6766476 46873100
112570 6621764 15624400
80488 6707333 15624300
129242 7602470 15625400
416542 6508468 67427800
183918 7356720 15626100
286283 6657744 46874700
190662 7061555 31248600
244363 6265717 46587200
442685 6510073 58274300
282087 7623972 46874100
272925 7581250 31245300
133630 7423888 15624100
596909 7461362 93747700
238183 7217666 31249000
280163 7372710 31249800
338721 6390962 66981800
340797 5978894 48920200
90199 6938384 15625800
116275 6839705 15625100
153795 6408125 31248100
410458 6956915 65577600
236649 7171181 23685200
112382 5619100 31246700
177434 6824384 15627600
254183 7060638 46873900
149218 5739153 15621600
301514 6700311 46874500
285265 7131625 46872600
133271 6346238 15624900
210373 6010657 50657900
152600 5450000 28982100
186823 6919370 18667400
124968 7351058 15623200
187601 6948185 31249200
392770 7013750 62501900
123485 7263823 15622700
221317 7631620 36957400
372400 8660465 37657600
41297 5899571 15623500
225926 8068785 31250400
291221 8320600 31249000
359536 7049725 58064000
73728 6702545 11991500
168758 6750320 26983400
285492 7512947 39974300
268499 7671400 37235400
72914 8101555 12991900
195125 7805000 19058500
157781 7513380 15625200
175793 7990590 31249800
25252 6313000 0
97457 8121416 15623800
211183 8447320 31252100
341492 7588711 46875700
142881 7520052 15620100
9266 3088666 15624400
257440 7355428 35936600
44438 6348285 11991600
248424 7763250 32915500
329270 8442820 40156800
517499 6720766 78841400
562901 7710972 60090500
119266 7454125 31656700
192293 7395884 29072900
220519 7604103 21675400
76493 7649300 15622300
121628 8108533 15625100
114769 8828384 15624400
293353 10864925 31251900
122078 8719857 18515100
109662 9138500 14989700
71312 7131200 14990800
220446 8478692 25984200
100120 7701538 14991000
50387 7198142 10994500
202823 7243678 28982300
150822 7182000 23031900
31814 6362800 9992200
124987 7811687 16989600
44390 6341428 10993500
96524 6894571 14990500
37444 6240666 9994000
125199 7364647 16989400
18116 6038666 9993700
43427 7237833 10994000
92532 6168800 15989800
139607 7347736 20987700
91842 8349272 12991300
61168 6116800 10994000
81832 7439272 11991800
18900 6300000 7994900
46592 6656000 9993800
185337 8424409 23985200
142266 10161857 15989900
206759 11486611 19987900
187138 10396555 19987600
14785 4928333 8994900
44937 8987400 9994100
42762 8552400 8994400
25787 6446750 8993600
35118 8779500 9994500
31297 10432333 9912000
20061 6687000 8000200
11848 3949333 8994300
14518 7259000 8993500
12572 4190666 7994700
14296 4765333 7995200
18096 6032000 8995100
18119 9059500 8994800
64984 9283428 10992900
12042 4014000 7995500
18394 6131333 8994000
14084 4694666 8993600
15924 5308000 7996100
11078 5539000 8994500
13684 6842000 7995200
10450 3483333 8993200
16727 5575666 7996200
15255 5085000 8994300
7129 3564500 7995200
11011 5505500 8994600
17782 5927333 8994600
8400 4200000 9993700
19245 6415000 9086800
16325 5441666 7999500
7577 2525666 7995000
27024 9008000 8994700
12487 6243500 7994800
10270 3423333 9204800
13412 4470666 8000800
16458 5486000 8993400
15692 7846000 8994600
13840 4613333 7995100
39811 7962200 9690700
Averages:
173364.10465116278 6613125.651162791 29746441.279069766
386812 5372388 96990100
149618 5159241 30980500
236831 5038957 47972300
170108 5670266 31980100
553712 4857122 114928300
576490 4434538 130918000
172615 4794861 36978200
63702 5308500 14990800
150606 4858258 31980400
353709 4716120 76953100
230582 4521215 51968000
101110 4595909 22985700
236293 4458358 53966600
160420 4583428 35978600
282261 5325679 53965800
262415 4771181 56964100
270422 5302392 51969200
300644 5368642 57963700
564079 5476495 102935300
257841 5729800 45971600
375538 5007173 75953300
486374 5404155 90944300
531959 5164650 104935900
331977 5723741 59961500
285090 4915344 58965500
383766 5561826 57112300
200369 5893205 46872000
55443 6160333 0
180515 6224655 31249100
211472 5565052 49391500
432557 6007736 72983500
227141 7327129 31247600
196577 5312891 41962600
263332 6752102 28667700
223610 5733589 46870900
383432 6726877 62500200
220915 7126290 31248300
369180 6712363 46874600
150560 6843636 31248600
135672 7140631 15625000
150120 7148571 31245300
412868 6162208 67241500
320713 7126955 32661300
312927 6802760 46870600
247537 6037487 46874200
157951 6075038 37914200
308124 7165674 35659900
448064 6893292 62500700
256771 6939756 46871400
153368 6390333 15621100
598370 6504021 93747700
70696 5891333 15625700
209207 7214034 31249700
261026 6214904 53018600
221038 7130258 30679200
85018 6539846 15623600
94856 7296615 0
139349 7334157 31250100
386842 6556644 62498100
193988 5388555 38979700
226470 5806923 39976500
288016 6000333 44183700
351052 6623622 46871000
252043 7001194 46874900
306810 6669782 46873300
257263 6596487 31249300
469615 6522430 79676000
390549 6402442 62498500
110677 5825105 15623800
171461 6123607 31249200
348130 6826078 46875800
142457 6193782 39967200
279307 6982675 36651400
197981 7919240 15623700
179592 8552000 31248900
655917 8518402 78125000
33109 5518166 17287700
251313 6443923 40974100
231870 7026363 34977300
223377 6204916 36978500
92852 7737666 11026500
318178 6916913 52087900
380576 8457244 47119400
127447 7080388 18989900
80335 7303181 15063400
138715 7706388 17644500
227013 8407888 15625200
219538 6652666 49048300
20998 5249500 0
40108 8021600 22767100
150260 7155238 21463600
72098 8010888 14989400
249197 7787406 33979900
171036 7774363 7768300
342026 7954093 46880900
83023 5930214 28657100
142306 6776476 7741500
787638 6849026 131367200
207023 7667518 28038100
235339 7131484 34978100
176685 7067400 26981800
340036 8500900 28523700
165057 8252850 31252300
128011 7530058 21078700
125885 8392333 16988600
68221 7580111 11992500
323705 10115781 33979600
115563 8889461 14175000
127483 9105928 18988200
57199 7149875 1436000
138405 9227000 15629000
212177 10103666 31245500
28322 7080500 0
233795 8349821 38715500
137142 9795857 14376900
43559 8711800 0
95419 9541900 15626500
63383 9054714 15625800
84336 9370666 16960500
78122 7102000 12991300
89043 7420250 13990500
43444 8688800 7992000
76833 8537000 0
58689 8384142 15626300
116643 8972538 15624700
34659 8664750 15624000
35311 8827750 0
25168 6292000 15625100
18556 6185333 0
31619 6323800 15622700
248265 11822142 15628900
194531 12968733 15622200
51935 8655833 15625000
78851 11264428 15623500
66398 11066333 0
52631 8771833 15625600
28115 7028750 15622900
40359 10089750 0
22031 7343666 15623700
17677 5892333 0
53373 10674600 15625300
28208 5641600 0
31734 7933500 15630500
16005 8002500 15617600
16137 5379000 0
33315 8328750 15624000
16872 5624000 0
14401 7200500 15624900
9143 4571500 0
11629 5814500 18020200
20829 6943000 8994000
49649 9929800 9993800
9922 4961000 8720200
11634 5817000 5183200
12946 6473000 0
26010 8670000 15626400
36291 9072750 0
16481 5493666 15624300
21534 7178000 0
13101 6550500 15622900
14787 7393500 15626200
19768 6589333 0
17267 5755666 15624700
12786 6393000 0
15460 5153333 15624200
15069 5023000 0
19105 6368333 15624500
24192 8064000 0
16162 8081000 15624700
11528 5764000 0
16615 5538333 15623200
45104 9020800 0
Averages:
176497.77325581395 6966936.209302326 30260516.279069766
266474 4934703 74597100
295042 4683206 65957700
429310 4616236 93941400
294227 5254053 56965900
538931 4944321 110930500
367062 4646354 80950400
265961 4665982 57963800
229815 4255833 54966100
364896 4801263 77951300
244311 5198106 47971000
250647 4820134 52967500
270373 5006907 55964700
315600 5090322 62961100
107151 4464625 25984000
284824 5274518 55965400
238745 5552209 44972200
444871 5703474 78951900
374555 5350785 70956000
343819 4584253 76952100
294006 5250107 51497900
679945 5528008 130101700
194711 5563171 31250500
354336 5536500 62497600
243214 6080350 46873700
238481 5816609 31248500
341360 6095714 62498300
268962 5722595 55243800
361903 5483378 62271400
275285 6714268 46871100
306965 5903173 53922200
200591 6686366 16665300
261085 6216309 46876200
332904 6052800 62498900
232703 7271968 31246300
166623 6408576 31248300
249883 6247075 31249500
396092 5281226 78124300
301115 6545978 60615300
274285 6857125 41645800
177129 7085160 15625600
170672 7420521 31249700
280080 7181538 31248500
171174 5902551 43948700
232698 7271812 27664800
225111 6253083 31247000
145961 6346130 31248400
248859 6548921 31249200
153026 5667629 31248900
293932 7169073 46873400
78791 6565916 15623800
485732 6227333 78126500
142574 6789238 26464000
344342 6621961 42017900
262332 6558300 46878900
154396 6433166 31247500
165960 7215652 15622000
64874 6487400 15624200
227388 7105875 38562900
440363 6290900 66270800
197458 7052071 31246000
200153 6456548 31248900
215270 6331470 31249300
184390 6829259 31248300
306034 7286523 46872600
283411 6747880 31248900
236039 6052282 54119800
414057 6900950 59275100
196137 6763344 31248400
169307 7054458 15624500
139072 6046608 31249800
262721 6407829 31249000
268578 5968400 60163500
259682 7213388 31249700
140257 7012850 15624700
206234 8593083 31249100
197167 9388904 15624600
28869 5773800 15624100
308002 7333380 50114500
270283 6757075 41759500
206591 7945807 13854300
206256 7112275 45625600
134407 6720350 20987500
252174 8134645 18030200
204894 8537250 31250800
81878 7443454 15623700
184376 7375040 31249300
73700 7370000 15624200
75669 7566900 15624700
33455 6691000 0
55701 7957285 15623700
263204 7741294 31249600
73252 7325200 15623800
190841 7068185 34897500
54699 6077666 8994900
301505 8375138 31656600
185041 7116961 31247400
194277 8094875 15624900
733392 7560742 109372000
266178 8586387 35877300
247444 7277764 35976300
158526 7926300 20987300
215647 7701678 30110900
240936 8923555 20735500
134979 7498833 15624700
101567 6771133 15624400
102987 7922076 15625300
286499 9879275 36460600
113022 8694000 15625700
139984 8749000 15624600
53035 7576428 15624300
200232 10011600 15625200
41333 8266600 15623900
161591 8504789 24934000
132808 8853866 15990200
116386 8952769 13992200
138695 9246333 1037300
160633 8031650 31251200
84864 8486400 15624400
98400 8945454 0
67546 8443250 15624000
78141 7814100 15624200
40737 8147400 0
40199 5742714 15623900
29798 7449500 15625500
74500 8277777 15624600
99459 9945900 0
53875 7696428 15623300
55906 7986571 15625300
25697 8565666 0
15243 5081000 15624000
387539 11072542 38001900
76668 9583500 9993800
94947 11868375 11993800
43213 10803250 1047300
9138 4569000 15625300
27387 9129000 0
22039 7346333 15623800
38996 9749000 0
13995 6997500 15625400
16069 5356333 0
63304 10550666 15623700
18483 9241500 0
16121 5373666 15624700
20322 6774000 0
10852 5426000 15625800
13641 6820500 0
19685 6561666 22210400
11801 5900500 7994600
15483 5161000 7995000
16311 5437000 850700
14273 7136500 15625500
12561 4187000 0
16402 8201000 15625700
15966 7983000 0
16205 8102500 15624400
13414 6707000 0
15118 7559000 15624400
16618 8309000 0
53784 8964000 15623000
11101 5550500 0
23533 7844333 15624400
41717 8343400 0
14038 4679333 15626100
20191 10095500 16030100
11640 3880000 8999800
36394 9098500 8989900
12957 4319000 8993900
37448 7489600 9993700
10451 5225500 5058200
16241 5413666 11790200
14508 7254000 7996700
34723 8680750 7993700
Averages:
171668.68604651163 6971718.122093023 29603700.0
277915 4791637 81490200
176807 4420175 41973700
375585 4815192 79950300
182930 5543333 33979300
517910 4885943 108246300
696823 4872888 143909900
189034 5250944 36979000
158157 4792636 34978400
303965 4536791 68957400
181541 4906513 36977000
268189 4545576 60962300
103019 4905666 21986400
168768 4821942 34977600
235403 5350068 45972700
186451 4547585 41973300
280675 4757203 59963500
277701 5785437 50967500
307391 5210016 61057300
632552 5967471 106934800
475171 5164902 92942800
276338 5314192 52966700
208921 4858627 43972900
353872 5801180 61963000
252989 5270604 48969500
219844 5112651 44971900
351043 5318833 66958700
265532 5206509 52968000
125354 6267700 21986200
158420 5657857 28982500
222411 6950343 30190800
279895 6084673 50967200
300390 6675333 32667500
531662 6405566 98797700
252732 7220914 33304000
346841 7379595 46873100
121683 6404368 15619400
365129 6638709 62500600
258847 6811763 42383000
231992 5948512 40664100
93853 5865812 16991300
314878 6997288 41311700
334053 6681060 57590000
216778 7475103 28029700
383066 6178483 62500300
108991 6411235 15626200
183053 7040500 33586400
284850 6624418 38019800
171395 6592115 31252100
258804 5626173 50524600
315726 6577625 49969300
416750 6220149 69956700
98047 6536466 15990800
204606 7055379 30980000
284289 6461113 45970600
133784 5574333 25984600
121952 5807238 21985500
137245 5967173 23985400
195005 6500166 31014700
298210 6344893 47348200
288622 5890244 50966600
257251 5846613 35661800
201975 6120454 33897300
372441 6207350 66390400
168792 7338782 15625500
178385 6606851 31249400
316515 7193522 46873700
247699 6351256 46873100
268091 6383119 47295700
205075 6835833 30025400
178194 6364071 15625900
94929 6780642 15626000
234103 7315718 46872500
313841 7132750 46873200
148959 5319964 27996400
154460 7020909 23984900
447401 8772568 52967300
69772 5814333 12993000
265509 6637725 40974200
189144 8223652 23986000
191500 7979166 22906800
80959 8095900 15623100
141486 7446631 15625100
72270 7227000 15623600
176086 7655913 15624200
55063 6882875 26805200
384461 8180021 48223900
87548 7958909 13991300
115109 5755450 17029000
15321 5107000 0
105568 7540571 15625800
199770 8685652 31253200
257488 8306064 31246200
247649 8539620 31248900
40938 6823000 0
244145 6975571 38655500
106579 6661187 28849600
263475 6933552 39018000
534785 7532183 64422600
298226 7848052 46874200
327550 7798809 43679100
167984 6999333 11369900
265646 8301437 46874200
211795 8471800 15627400
158966 7569809 33133000
169164 7689272 20885700
86609 8660900 15627500
293253 10861222 15624500
168331 9351722 31246900
174481 8308619 15629700
118456 9112000 15620100
176214 9789666 15624400
204877 10243850 31248900
103549 8629083 0
171898 9549888 31250400
126458 9727538 15624000
68565 8570625 0
71431 7936777 15623000
64185 8023125 15624300
80803 8978111 0
55223 6135888 24868000
95285 7940416 12990800
62797 7849625 9995000
41264 8252800 8993900
46306 7717666 9034400
99125 8260416 15627200
55595 7942142 0
41129 6854833 15622900
102973 9361181 15625200
50392 8398666 0
14588 4862666 15625100
242896 11040727 27258900
75161 10737285 9993900
40114 6685666 7995000
110281 10025545 12991700
60561 10093500 9992600
72813 9101625 9994000
53262 10652400 8996200
15019 5006333 8994300
15536 7768000 7994500
13060 4353333 6063200
22776 7592000 11008300
18573 9286500 8994000
35680 8920000 8994500
20725 6908333 8995700
19006 6335333 7358500
16438 5479333 7997600
15835 5278333 7993600
19798 6599333 7994900
15104 7552000 7996200
23881 7960333 7994900
22138 7379333 7994700
12581 6290500 7995300
12779 6389500 8994200
11535 5767500 7995100
11030 3676666 7994100
10627 5313500 7995200
10195 3398333 7996100
9465 3155000 7993900
15558 7779000 9994800
9977 4988500 7994800
17836 5945333 8994700
16958 5652666 7995100
50783 10156600 10993200
19252 6417333 8552800
27163 9054333 1229300
11014 5507000 0
33228 8307000 15626100
10516 3505333 15624300
12022 6011000 0
11692 3897333 15624800
20865 6955000 0
26137 8712333 15624700
Averages:
168950.9476744186 6836117.063953488 29014070.348837208
261163 5329857 49569700
470050 4845876 111809100
626889 5358025 117346100
290173 5689666 52003400
494438 4944380 101937900
546504 4407290 125922700
180030 4616153 39975200
250680 4642222 54965300
365136 3349871 108932900
112191 4877869 23985900
257501 4951942 52966700
109704 5224000 20987200
346873 5027144 70956100
180102 5297117 34980200
283268 5058357 56962700
181916 5197600 35978400
359541 5366283 67957800
468140 5709024 82948200
342531 5189863 66958800
529488 5191058 102936400
316445 5753545 56964500
265993 5541520 48970300
294675 5456944 45489000
438530 5347926 78124300
406122 5563315 78122400
407752 5227589 77699200
274332 5275615 62501700
294345 6132187 51911500
202403 6529129 17674000
144359 6874238 31249500
167502 6700080 31245900
233521 6145289 31252500
427436 6784698 62498800
253032 6325800 52500500
219457 7567482 23925700
279007 6341068 46876100
335446 6450884 59279900
252800 6482051 29023700
254946 6537076 46877100
147705 6713863 15623100
221456 7636413 31248500
287199 7004853 52908800
334586 7604227 34298900
328755 6849062 59140800
169456 6778240 26493700
319153 6257901 52964500
335978 6587803 46053800
258554 5745644 54241300
243898 5948731 41973300
233830 7307187 32981400
590214 7197731 82947700
124813 6569105 19988800
314787 7154250 44971200
255579 6233634 42974200
109530 6085000 13183200
125672 6614315 24529800
404839 6636704 62962600
105351 6584437 12352400
275518 6261772 49669600
296803 6595622 45972000
142246 6465727 19939300
214726 6710187 35641100
316246 6200901 51619600
244824 5971317 41973400
158394 5866444 28981300
341247 7418413 40692600
273953 6087844 54171800
187130 6930740 27982200
110728 6151555 18685200
294561 6850255 31256400
267867 5823195 46868600
77484 6457000 15624500
225893 6643911 31249600
185378 8059913 31249700
125109 7819312 15621300
306088 10202933 31252300
24154 4830800 15621600
293502 6825627 50084000
312410 7810250 41160700
246505 7250147 35976400
123467 6859277 19643000
134581 7476722 15626500
100482 7729384 15621700
229638 7407677 36216500
94531 8593727 14989600
186587 7176423 27982700
120176 6676444 18989500
127650 6718421 19986400
23096 4619200 6996500
124405 7317941 17988700
130091 8130687 17989900
84793 7708454 13991300
293674 8637470 35976000
70710 6428181 12992300
355740 7733478 47970100
97081 6934357 14990600
126339 6649421 18988600
808836 7929764 104081600
314715 7867875 40700000
337185 7663295 46873000
226852 8401925 15624400
328927 8889918 46874100
93858 6704142 20032500
117740 6925882 18989000
135655 7536388 19988200
102909 7350642 15989100
292979 11268423 27982100
84295 7663181 13991600
144521 8028944 8910400
105780 8815000 25946300
182042 8668666 22983500
113346 8718923 1031100
70609 7845444 15627600
106466 9678727 15625500
209516 9976952 15625400
71640 8955000 15622000
164694 9687882 15624700
25228 8409333 15623000
92731 8430090 19966600
25521 6380250 8998900
101145 8428750 12993300
37386 7477200 9993800
64361 8045125 5043900
38803 7760600 15623700
117857 9065923 15625100
34737 8684250 0
63163 9023285 15625500
43888 8777600 15624200
27905 6976250 0
54826 7832285 15624400
291848 12689043 15627000
102289 11365444 15622300
42590 10647500 15623100
119705 13300555 0
50196 10039200 15624700
42489 10622250 15624000
17209 8604500 0
28140 7035000 15624300
19792 6597333 0
30922 7730500 15624600
19227 9613500 0
24050 8016666 15624500
18874 6291333 0
49697 9939400 22107300
51693 10338600 3104800
33316 11105333 0
61934 10322333 15626100
34036 8509000 16972200
12541 6270500 8993100
16609 5536333 7995000
28306 9435333 8994700
14474 4824666 8994200
13182 6591000 3451800
18497 9248500 0
14274 7137000 15625400
11807 3935666 0
12197 4065666 15623900
13841 4613666 0
14990 7495000 15624900
16527 5509000 15625800
14303 7151500 0
23031 7677000 15624500
27570 6892500 0
14250 7125000 15624600
17975 8987500 0
12874 6437000 15623800
13935 4645000 0
20270 6756666 15624900
20543 6847666 0
12718 6359000 15624600
17416 5805333 0
35287 7057400 22025400
Averages:
177762.34302325582 7092381.1686046515 30378397.674418606
290013 4531453 78803200
212506 4829681 44972900
376427 4481273 84946800
144121 5337814 28981900
521450 5375773 97379500
341337 5333390 64958400
137474 4165878 33980200
198705 3974100 50968600
165083 4026414 41974200
56336 4694666 13990200
114317 4233962 28982000
121894 4688230 26984300
119045 4105000 29982000
72755 4850333 15989700
206952 4311500 48968900
179147 4593512 38977100
94103 4481095 20986800
58255 5295909 11992600
216625 4513020 48969400
157355 4252837 37976100
248517 4212152 59963700
214530 4663695 46972000
185720 5462352 33977400
217350 4939772 44973500
192463 4582452 42972800
89929 4996055 18988400
124153 4598259 26984100
300875 5099576 59963000
76177 5859769 13992500
107704 5983555 18987900
106938 5941000 19988100
135213 5878826 22985300
116008 6444888 18986700
174197 6221321 29983500
244872 5565272 43971600
77352 5950153 13991300
224311 5607775 40974600
318493 5898018 55965800
160929 6189576 25983200
17978 5992666 7995000
178214 5748838 30981000
189237 5913656 32981300
133484 5561833 24982800
67606 5633833 13991400
96865 5697941 16990400
111362 5302952 20986900
355867 5474876 65960000
158647 5875814 28981100
156113 6004346 26984400
91450 5379411 17989000
153510 5904230 26982200
104589 5810500 18987600
46368 4636800 10994000
93301 6220066 15989700
172187 5064323 34978700
105870 5881666 18988600
125501 5976238 21986200
47199 4719900 10993300
134429 5601208 24983400
211272 6213882 34979200
170478 6088500 28982500
123252 5358782 22986300
95432 5964500 15989500
86799 6199928 15991400
222587 6182972 36975700
150210 6530869 23984900
117919 5359954 22987200
92827 5460411 17988000
86703 5780200 15990100
113932 5996421 19987200
148461 5302178 28982700
121897 6772055 18989100
111660 5075454 22984600
87495 6249642 14990800
7161 3580500 4996600
7727 2575666 5996700
10870 5435000 4996900
138248 6284000 22986200
99122 5830705 17989600
79998 6666500 13990300
121012 6722888 17988700
8106 2702000 7995500
34045 5674166 7994900
31452 6290400 8994000
28854 4122000 7995100
124959 6942166 18988700
23722 5930500 7994400
58817 6535222 7668500
10130 5065000 0
88832 7402666 15626500
72613 7261300 0
99850 6656666 31203700
201140 6935862 30979900
159109 7955450 7036600
53015 5890555 15625600
24529 4905800 15625300
20302 6767333 0
174532 7933272 15625200
202542 6984206 31251400
161974 8524947 31246800
326103 8581657 31252900
259893 7643911 43989500
25310 5062000 6995100
64961 6496100 8042300
71088 7108800 14427600
132661 7370055 17989900
72344 7234400 10992100
72402 7240200 9993200
94713 6765214 14991500
92275 9227500 10992400
196448 8541217 19245200
90762 8251090 15626700
54253 7750428 9016300
139684 8730250 17989800
196936 9846800 20987300
43546 7257666 6995200
139602 8211882 14027600
17916 5972000 0
65257 7250777 15625700
37509 7501800 0
38325 7665000 15626000
53710 7672857 0
103589 8632416 20915600
27223 6805750 6994700
81063 8106300 9993100
11431 5715500 5995800
41943 8388600 5996800
134867 8991133 14990600
12544 4181333 5998000
16582 4145500 5994900
110837 12315222 9993500
91012 11376500 8996000
7361 3680500 4996100
132820 12074545 12991400
6737 3368500 4996800
8470 4235000 4996900
21164 7054666 4997700
26774 8924666 5995600
8493 4246500 4996800
36959 9239750 5997000
10812 3604000 4997000
26313 8771000 5995600
11299 5649500 4997600
7316 3658000 4997900
10603 5301500 4997300
6408 3204000 4995900
10635 5317500 5996400
12536 4178666 4950600
11050 5525000 4997600
13800 4600000 4995800
17111 5703666 5996700
45338 7556333 6995800
9283 4641500 5995100
4340 2170000 4997500
5161 2580500 6136500
13891 4630333 5058600
13791 4597000 6994000
5329 2664500 4997800
7831 3915500 4996600
25408 6352000 6995700
11234 3744666 5850400
6383 3191500 4996500
107083 9734818 11992600
7845 3922500 5995900
5410 2705000 4997000
5839 2919500 5781900
4747 2373500 4995600
35783 8945750 6996600
9945 3315000 4996900
6078 3039000 5996900
4855 2427500 5995700
18716 6238666 5996800
Averages:
100469.37790697675 5818161.651162791 19156894.76744186
342675 5617622 86977100
173715 5603709 31981300
356594 4818837 73952700
167379 4782257 35977100
522476 4465606 117927700
362084 4702389 77953500
51420 4674545 11992100
76561 4785062 15988800
214972 4215137 51968200
149511 5155551 28983300
88505 4425250 20985600
72750 4546875 16990300
141850 4575806 31980000
173043 5407593 32979600
359804 5535446 65959300
152505 5648333 27982300
333208 4900117 67959500
82815 4871470 16988400
196156 5029641 39975600
213187 4957837 43972300
192310 4807750 39975800
138681 5547240 25983400
244892 5101916 48971700
121908 5079500 24983300
129032 4778962 27982400
113675 5167045 22986000
136673 4881178 28983100
165232 6355076 27982000
84797 5299812 15989200
135881 6176409 22986600
85239 6556846 13992200
203530 6784333 30980100
76151 6345916 3044100
113469 7091812 15625400
146837 4736677 43548000
101270 7233571 15990800
218717 6249057 23087300
92131 7087000 15622300
99202 7085857 15624600
15081 5027000 15624200
49264 6158000 0
258950 7193055 46875800
30556 6111200 0
126333 7018500 15624000
95337 5958562 15623300
150115 6823409 31250900
175176 7299000 15622600
103548 6471750 15624100
132125 6005681 31249400
130878 7271000 15624900
207663 5933228 31250400
97817 6986928 15622200
98549 6569933 15624500
132938 5317520 31249300
174479 6710730 33612200
60282 5023500 12991600
61693 6169300 9994700
27043 5408600 6993900
91717 6114466 10037100
139840 6992000 15626700
90441 5652562 15623700
255641 5945139 57186900
165992 5928285 28027000
101020 7215714 15626800
98348 6556533 15624300
89432 5260705 15624700
118779 5938950 15624300
135523 6776150 15624100
116210 6456111 31251900
49754 5528222 0
157686 7167545 33328500
171056 7437217 18050700
251369 6284225 46874200
52254 6531750 0
17376 5792000 15624300
15671 5223666 0
45309 6472714 0
122546 6449789 31250300
87445 7287083 15624200
144113 8006277 15625700
117569 7348062 15624300
85762 7146833 15624900
27307 6826750 0
158557 5872481 37007500
39038 6506333 6995800
101595 7256785 14991100
24862 6215500 7066200
79159 6596583 12834100
18671 6223666 6001300
34034 5672333 6996300
122008 8133866 6899300
72492 6590181 21622900
174947 8330809 21986200
223329 8271444 29012900
76972 6997454 10993100
55669 6958625 8995000
51949 6493625 9993300
416643 8502918 47653900
151009 7550450 15624800
335991 7999785 46876000
99893 7684076 15619500
103166 7935846 15624500
219328 8123259 15624100
31335 6267000 15623700
26264 6566000 0
65464 7273777 15624600
51902 7414571 0
75498 8388666 15624600
205596 9345272 15626300
41100 6850000 15622600
210992 9590545 15626800
36495 7299000 15084400
39917 6652833 6994200
109508 8423692 13993900
145052 9670133 10372300
22247 5561750 0
24471 6117750 15626400
10413 5206500 0
34948 6989600 0
24596 4919200 20975400
34691 6938200 6995600
15784 5261333 5996400
60596 7574500 7995100
30757 7689250 6993700
65701 6570100 9994900
51656 8609333 7995800
27329 6832250 2040000
31324 6264800 0
32831 6566200 15626200
35133 7026600 0
116340 11634000 15624300
71864 10266285 0
21759 7253000 0
87055 12436428 15623700
4112 4112000 0
76785 10969285 15624600
12231 6115500 0
16752 8376000 0
8914 4457000 20125600
11438 5719000 4996900
27656 9218666 4996900
16756 5585333 5913000
11089 5544500 0
9843 4921500 0
24521 8173666 15625300
8473 4236500 5032300
17851 5950333 4997100
7706 3853000 5996200
7925 2641666 4994900
8734 4367000 4996900
11621 5810500 5996200
19455 4863750 4997000
9445 4722500 5996200
18414 6138000 4997100
6302 3151000 4080800
6471 3235500 0
9602 4801000 0
18286 6095333 15617900
5515 2757500 0
44106 8821200 0
7168 2389333 15623200
10533 5266500 0
6016 3008000 0
5353 2676500 17751600
6541 3270500 5448400
5760 2880000 4996900
7629 3814500 4997000
8511 4255500 1120700
7860 3930000 0
6121 3060500 0
5584 2792000 15625900
26846 6711500 0
Averages:
96678.36627906977 6156670.558139535 17432691.279069766
